Order of colors
2 -> 8, 13, 9, 12, 4, 11, 8, 1, 5, 13, 12, 3, 12, 7, 6, 4, 13, 8, 7, 0, 0, 3, 6, 4, 
7 -> 2, 4, 6, 0, 10, 0, 10, 3, 0, 1, 0, 11, 1, 9, 6, 1, 9, 6, 2, 6, 1, 8, 2, 8, 5, 0, 4, 
9 -> 13, 1, 10, 5, 11, 5, 2, 3, 6, 5, 3, 8, 6, 4, 13, 3, 5, 3, 8, 6, 1, 4, 1, 4, 11, 10, 3, 4, 5, 11, 
3 -> 13, 12, 7, 13, 13, 11, 0, 0, 12, 6, 9, 6, 6, 10, 2, 1, 7, 6, 4, 1, 12, 4, 10, 1, 
10 -> 12, 13, 11, 3, 13, 3, 0, 11, 5, 11, 4, 3, 6, 9, 3, 2, 1, 8, 12, 5, 2, 3, 0, 9, 
1 -> 4, 3, 13, 9, 7, 11, 5, 13, 2, 13, 6, 9, 8, 3, 7, 0, 2, 8, 3, 0, 
8 -> 2, 0, 0, 1, 3, 0, 12, 7, 0, 1, 10, 3, 5, 0, 3, 12, 3, 10, 7, 6, 7, 11, 11, 2, 2, 1, 4, 3, 7, 
0 -> 13, 13, 5, 4, 3, 10, 3, 5, 5, 10, 4, 3, 8, 7, 9, 7, 2, 11, 5, 4, 2, 6, 10, 3, 5, 
1 -> 2, 6, 13, 5, 6, 8, 5, 12, 4, 2, 0, 7, 4, 2, 11, 13, 9, 4, 7, 6, 4, 4, 9, 12, 0, 4, 3, 
13 -> 3, 2, 1, 7, 3, 0, 11, 1, 8, 3, 11, 9, 3, 6, 1, 0, 6, 10, 7, 1, 1, 7, 5, 6, 12, 8, 6, 
2 -> 9, 11, 5, 6, 1, 13, 13, 1, 4, 0, 9, 8, 8, 0, 9, 3, 10, 0, 
13 -> 0, 1, 5, 3, 5, 9, 10, 11, 0, 11, 6, 4, 5, 5, 0, 12, 7, 0, 3, 2, 12, 6, 0, 2, 5, 5, 0, 4, 7, 4, 4, 6, 2, 9, 4, 7, 
0 -> 8, 2, 3, 13, 1, 1, 1, 2, 5, 3, 11, 10, 3, 4, 13, 3, 3, 10, 4, 7, 2, 1, 7, 5, 8, 8, 2, 1, 
1 -> 5, 2, 6, 10, 13, 7, 12, 7, 4, 8, 10, 11, 10, 3, 4, 11, 8, 4, 4, 10, 0, 5, 3, 2, 0, 5, 8, 
5 -> 2, 1, 9, 12, 3, 2, 8, 8, 2, 6, 0, 11, 2, 2, 4, 6, 6, 1, 1, 4, 
2 -> 13, 5, 6, 9, 6, 13, 0, 10, 3, 1, 9, 1, 3, 10, 1, 4, 7, 4, 5, 9, 
2 -> 13, 12, 0, 0, 10, 7, 1, 3, 5, 0, 3, 10, 0, 11, 12, 8, 6, 7, 5, 5, 3, 5, 11, 9, 7, 
0 -> 2, 4, 11, 13, 6, 6, 10, 8, 5, 12, 2, 3, 3, 13, 1, 4, 6, 5, 2, 11, 10, 7, 2, 11, 12, 
2 -> 7, 0, 0, 10, 7, 0, 5, 3, 13, 11, 12, 12, 7, 13, 10, 8, 9, 1, 1, 11, 8, 5, 4, 7, 6, 6, 1, 3, 4, 
13 -> 5, 4, 7, 1, 6, 7, 1, 10, 8, 2, 1, 2, 7, 4, 12, 3, 2, 5, 12, 6, 9, 10, 5, 4, 6, 
2 -> 1, 0, 13, 11, 10, 6, 13, 1, 7, 12, 5, 0, 6, 9, 1, 4, 7, 9, 5, 10, 8, 6, 4, 3, 12, 3, 5, 3, 
0 -> 2, 9, 5, 9, 5, 1, 1, 4, 4, 7, 3, 8, 10, 2, 4, 2, 4, 3, 5, 6, 2, 
13 -> 2, 6, 1, 1, 9, 0, 3, 11, 4, 10, 10, 1, 6, 10, 12, 0, 10, 12, 10, 1, 6, 9, 4, 12, 7, 8, 2, 4, 8, 0, 0, 2, 
0 -> 8, 13, 6, 5, 10, 7, 1, 13, 5, 5, 6, 6, 1, 2, 1, 6, 5, 7, 2, 5, 4, 4, 4, 
6 -> 13, 0, 4, 1, 0, 3, 7, 12, 2, 5, 1, 4, 12, 3, 3, 10, 13, 4, 7, 4, 2, 0, 
11 -> 13, 2, 1, 6, 7, 7, 12, 5, 12, 4, 12, 1, 9, 1, 5, 2, 5, 1, 8, 7, 7, 0, 10, 8, 
1 -> 5, 7, 12, 13, 0, 6, 6, 2, 3, 6, 2, 4, 7, 2, 3, 2, 
7 -> 1, 10, 1, 13, 0, 0, 1, 13, 10, 5, 11, 3, 12, 10, 3, 13, 6, 8, 2, 8, 0, 0, 1, 6, 
1 -> 8, 13, 12, 2, 0, 13, 0, 8, 12, 12, 0, 9, 10, 4, 13, 9, 7, 4, 4, 2, 10, 6, 6, 2, 3, 10, 5, 8, 11, 10, 8, 0, 6, 5, 4, 11, 4, 9, 6, 7, 
13 -> 9, 0, 0, 10, 7, 7, 2, 11, 7, 3, 4, 10, 5, 8, 6, 0, 1, 4, 3, 7, 2, 9, 3, 1, 5, 0, 4, 5, 5, 3, 5, 2, 
0 -> 13, 4, 7, 2, 7, 3, 13, 3, 8, 6, 1, 12, 3, 2, 9, 5, 4, 2, 5, 8, 12, 2, 3, 5, 10, 
1 -> 9, 4, 3, 7, 3, 3, 5, 5, 0, 7, 5, 4, 5, 10, 7, 10, 6, 5, 2, 
1 -> 13, 5, 0, 5, 7, 10, 10, 7, 11, 3, 2, 10, 5, 3, 10, 4, 6, 2, 6, 7, 2, 5, 2, 4, 3, 0, 9, 4, 
5 -> 13, 13, 1, 6, 9, 0, 10, 7, 1, 0, 10, 8, 10, 1, 8, 3, 2, 12, 0, 2, 12, 13, 6, 2, 7, 8, 11, 2, 0, 6, 4, 11, 4, 4, 
4 -> 7, 1, 0, 13, 5, 6, 0, 12, 0, 5, 12, 12, 0, 9, 2, 9, 1, 5, 2, 5, 5, 5, 0, 6, 0, 1, 2, 8, 
12 -> 3, 10, 3, 2, 11, 6, 0, 0, 8, 5, 8, 6, 11, 7, 6, 2, 2, 1, 2, 9, 4, 0, 3, 1, 3, 2, 8, 1, 3, 10, 8, 7, 1, 1, 
10 -> 9, 12, 12, 2, 6, 8, 11, 9, 8, 11, 7, 1, 6, 4, 3, 11, 4, 3, 7, 6, 1, 7, 5, 
6 -> 7, 1, 2, 5, 0, 5, 13, 11, 7, 4, 3, 1, 4, 13, 1, 0, 2, 2, 8, 10, 7, 8, 4, 1, 4, 10, 
3 -> 13, 12, 5, 1, 9, 4, 0, 0, 10, 12, 0, 2, 0, 6, 1, 8, 7, 10, 5, 4, 
3 -> 1, 8, 0, 13, 10, 7, 4, 6, 1, 5, 9, 12, 6, 2, 7, 1, 8, 6, 2, 4, 
12 -> 10, 1, 10, 13, 13, 13, 6, 8, 3, 5, 6, 1, 7, 11, 10, 2, 10, 3, 0, 2, 9, 0, 3, 5, 2, 10, 5, 4, 1, 7, 3, 8, 1, 9, 1, 
10 -> 13, 13, 9, 2, 6, 1, 3, 7, 8, 9, 1, 1, 0, 11, 11, 9, 11, 4, 5, 5, 4, 4, 7, 
13 -> 10, 1, 2, 10, 9, 6, 11, 6, 0, 5, 0, 5, 9, 4, 11, 0, 4, 3, 12, 0, 4, 5, 7, 0, 1, 12, 11, 
13 -> 1, 0, 0, 2, 11, 3, 12, 0, 7, 4, 0, 0, 10, 6, 5, 8, 8, 10, 7, 10, 1, 7, 9, 10, 1, 7, 10, 0, 2, 1, 8, 5, 5, 4, 8, 8, 4, 6, 10, 5, 11, 
0 -> 7, 8, 10, 10, 3, 6, 3, 11, 12, 3, 2, 2, 8, 4, 13, 1, 6, 7, 2, 1, 7, 1, 3, 5, 2, 4, 
5 -> 9, 0, 13, 0, 3, 10, 0, 1, 0, 13, 3, 12, 8, 11, 12, 6, 10, 9, 12, 1, 6, 1, 2, 3, 0, 2, 7, 3, 
9 -> 2, 2, 13, 6, 6, 0, 7, 1, 11, 4, 6, 13, 6, 12, 4, 3, 6, 4, 4, 4, 7, 5, 7, 3, 0, 5, 
9 -> 10, 3, 1, 11, 3, 3, 8, 11, 0, 6, 12, 5, 6, 3, 6, 1, 4, 2, 5, 5, 0, 2, 4, 4, 0, 0, 
9 -> 2, 1, 13, 5, 0, 5, 7, 4, 11, 3, 2, 1, 5, 11, 0, 3, 4, 2, 2, 8, 4, 10, 
10 -> 7, 13, 2, 0, 7, 5, 3, 11, 3, 0, 3, 3, 1, 6, 5, 4, 8, 9, 3, 0, 9, 5, 1, 6, 6, 6, 4, 1, 0, 13, 0, 3, 
1 -> 0, 3, 3, 4, 13, 5, 0, 12, 0, 12, 6, 3, 5, 8, 4, 3, 7, 3, 2, 
4 -> 0, 13, 6, 1, 13, 5, 6, 7, 6, 13, 8, 10, 2, 7, 13, 7, 3, 1, 3, 9, 5, 7, 0, 1, 9, 1, 5, 3, 
5 -> 0, 9, 1, 11, 6, 10, 3, 12, 0, 2, 0, 2, 2, 3, 4, 8, 2, 6, 2, 3, 7, 
12 -> 2, 8, 5, 2, 1, 0, 11, 7, 5, 9, 2, 13, 2, 2, 6, 6, 9, 6, 7, 8, 6, 4, 1, 9, 3, 
11 -> 13, 0, 2, 7, 2, 10, 4, 13, 1, 7, 12, 9, 1, 0, 0, 9, 12, 9, 4, 1, 9, 5, 2, 10, 3, 0, 0, 3, 13, 4, 4, 9, 
1 -> 0, 13, 6, 4, 3, 4, 7, 13, 8, 13, 10, 11, 6, 13, 4, 3, 5, 0, 5, 12, 3, 0, 10, 8, 4, 6, 
5 -> 1, 1, 10, 2, 6, 0, 3, 8, 8, 13, 3, 6, 1, 0, 4, 1, 4, 13, 13, 9, 1, 7, 1, 7, 1, 3, 11, 4, 6, 
7 -> 0, 13, 2, 0, 0, 6, 5, 3, 13, 11, 12, 1, 4, 2, 10, 0, 4, 12, 6, 4, 1, 6, 5, 4, 4, 
7 -> 0, 11, 2, 10, 12, 1, 3, 0, 2, 9, 2, 0, 6, 3, 10, 
1 -> 13, 7, 11, 0, 4, 3, 11, 6, 0, 4, 9, 9, 2, 6, 7, 8, 8, 4, 3, 5, 0, 2, 
13 -> 0, 1, 7, 4, 9, 5, 6, 3, 11, 0, 10, 3, 0, 3, 10, 4, 5, 5, 7, 6, 0, 11, 5, 0, 1, 
2 -> 1, 1, 0, 12, 7, 7, 10, 13, 6, 0, 1, 7, 0, 3, 7, 8, 6, 4, 12, 9, 3, 10, 13, 1, 0, 5, 0, 6, 6, 1, 4, 3, 
7 -> 13, 13, 13, 0, 6, 0, 3, 13, 0, 5, 1, 11, 11, 0, 2, 6, 10, 1, 4, 11, 6, 4, 8, 10, 1, 11, 3, 10, 8, 
2 -> 11, 9, 3, 6, 7, 12, 0, 4, 8, 3, 4, 3, 12, 1, 6, 13, 4, 4, 4, 8, 0, 7, 3, 7, 3, 
9 -> 0, 13, 5, 3, 10, 13, 2, 0, 2, 8, 1, 5, 6, 10, 0, 10, 4, 12, 5, 1, 6, 5, 0, 4, 4, 4, 0, 1, 12, 11, 12, 7, 5, 6, 4, 8, 7, 2, 
0 -> 7, 13, 1, 7, 1, 6, 11, 10, 6, 11, 7, 7, 8, 1, 10, 5, 3, 7, 8, 8, 1, 4, 5, 7, 
0 -> 1, 5, 13, 7, 3, 13, 3, 1, 13, 8, 11, 11, 9, 11, 1, 13, 3, 9, 1, 6, 4, 6, 12, 5, 8, 12, 1, 4, 4, 4, 5, 4, 
2 -> 11, 13, 10, 10, 0, 6, 8, 0, 8, 5, 1, 0, 0, 0, 10, 1, 1, 6, 12, 5, 3, 13, 11, 8, 
11 -> 9, 10, 2, 13, 12, 1, 5, 13, 1, 5, 3, 6, 6, 10, 5, 1, 10, 2, 0, 4, 4, 13, 2, 9, 0, 13, 3, 8, 4, 1, 0, 3, 2, 4, 13, 7, 5, 3, 10, 
5 -> 1, 6, 13, 1, 1, 10, 8, 11, 4, 6, 2, 12, 4, 9, 2, 6, 6, 4, 1, 0, 9, 8, 0, 4, 1, 
10 -> 7, 5, 3, 0, 9, 11, 7, 3, 2, 9, 6, 12, 5, 6, 3, 1, 6, 8, 0, 4, 5, 5, 2, 
7 -> 1, 2, 13, 1, 5, 3, 13, 9, 13, 10, 5, 12, 13, 8, 2, 1, 2, 3, 5, 8, 12, 0, 8, 4, 4, 
3 -> 13, 0, 10, 2, 13, 13, 1, 0, 4, 10, 4, 12, 0, 0, 4, 0, 1, 6, 2, 10, 5, 5, 4, 10, 2, 11, 7, 
3 -> 10, 9, 1, 0, 5, 10, 0, 10, 8, 9, 6, 7, 4, 6, 2, 8, 9, 0, 11, 8, 0, 10, 7, 8, 12, 1, 4, 0, 2, 
6 -> 1, 1, 12, 10, 7, 0, 8, 13, 2, 13, 12, 7, 3, 12, 13, 11, 2, 3, 1, 
3 -> 0, 13, 1, 5, 0, 4, 6, 2, 1, 6, 0, 12, 6, 5, 10, 4, 5, 4, 0, 
4 -> 0, 13, 3, 3, 13, 9, 1, 11, 1, 11, 10, 12, 13, 12, 1, 0, 3, 2, 8, 0, 6, 5, 0, 6, 0, 
0 -> 13, 6, 12, 3, 5, 2, 8, 3, 7, 11, 4, 7, 7, 2, 2, 1, 7, 4, 10, 
1 -> 5, 5, 0, 11, 4, 4, 13, 11, 11, 10, 13, 3, 4, 4, 6, 12, 5, 5, 3, 12, 7, 3, 2, 7, 3, 0, 
5 -> 9, 2, 11, 2, 6, 1, 10, 3, 11, 11, 0, 9, 6, 0, 4, 9, 10, 
1 -> 13, 5, 10, 5, 0, 3, 8, 10, 8, 5, 12, 3, 6, 10, 0, 4, 5, 7, 6, 3, 5, 
13 -> 4, 11, 3, 5, 5, 7, 3, 12, 6, 10, 12, 2, 6, 5, 0, 2, 8, 2, 4, 0, 6, 4, 1, 3, 
10 -> 1, 2, 0, 11, 5, 2, 3, 7, 11, 11, 12, 9, 11, 6, 4, 4, 13, 1, 9, 2, 6, 7, 5, 0, 1, 12, 8, 3, 3, 4, 11, 
3 -> 13, 10, 0, 1, 7, 8, 2, 0, 12, 9, 8, 12, 1, 8, 4, 0, 
5 -> 4, 6, 0, 3, 10, 12, 13, 10, 12, 8, 0, 8, 
0 -> 2, 5, 13, 1, 9, 2, 3, 7, 3, 10, 1, 5, 6, 5, 4, 6, 1, 9, 2, 1, 3, 2, 3, 1, 8, 2, 5, 13, 1, 10, 6, 6, 1, 
1 -> 11, 9, 11, 5, 3, 12, 0, 5, 6, 9, 5, 2, 2, 5, 6, 6, 5, 8, 2, 5, 3, 6, 2, 7, 0, 5, 3, 0, 
0 -> 5, 1, 5, 7, 13, 11, 11, 6, 2, 2, 3, 11, 5, 7, 4, 2, 6, 7, 4, 2, 8, 4, 3, 
6 -> 13, 0, 4, 13, 7, 2, 5, 4, 10, 11, 8, 10, 5, 2, 0, 4, 0, 0, 4, 10, 2, 9, 5, 3, 13, 12, 12, 4, 11, 13, 5, 5, 11, 3, 
13 -> 1, 1, 2, 0, 7, 3, 1, 0, 3, 8, 8, 5, 0, 6, 6, 8, 5, 10, 3, 1, 0, 5, 8, 10, 1, 4, 4, 11, 3, 
0 -> 2, 3, 13, 12, 7, 11, 12, 6, 8, 4, 3, 12, 4, 7, 9, 12, 8, 4, 2, 3, 7, 1, 8, 9, 3, 3, 6, 4, 
11 -> 13, 9, 10, 0, 10, 1, 6, 10, 7, 12, 3, 12, 9, 13, 12, 9, 5, 5, 5, 1, 2, 13, 6, 6, 2, 4, 7, 0, 5, 0, 8, 
4 -> 1, 11, 1, 1, 1, 3, 1, 13, 10, 3, 11, 11, 3, 12, 3, 5, 8, 6, 0, 3, 5, 2, 7, 8, 0, 3, 5, 10, 3, 0, 8, 2, 
7 -> 13, 4, 1, 10, 0, 13, 3, 8, 4, 9, 6, 11, 10, 3, 4, 3, 4, 1, 10, 4, 12, 4, 6, 1, 
5 -> 1, 11, 3, 13, 0, 3, 0, 1, 11, 8, 1, 13, 8, 0, 0, 4, 1, 6, 0, 10, 7, 2, 8, 8, 1, 2, 3, 4, 0, 2, 
5 -> 4, 13, 0, 6, 6, 11, 12, 0, 2, 2, 8, 13, 1, 0, 1, 8, 3, 8, 
4 -> 2, 13, 1, 6, 7, 10, 1, 3, 10, 11, 1, 11, 13, 12, 8, 3, 5, 6, 6, 7, 13, 7, 11, 11, 5, 2, 3, 10, 8, 1, 2, 10, 0, 0, 
11 -> 12, 4, 3, 4, 5, 7, 10, 3, 12, 12, 9, 3, 10, 7, 8, 4, 6, 4, 0, 0, 
6 -> 11, 13, 9, 4, 5, 5, 13, 0, 5, 5, 10, 10, 13, 13, 9, 10, 4, 2, 7, 4, 9, 3, 4, 10, 
7 -> 3, 8, 11, 12, 13, 0, 4, 0, 3, 10, 1, 12, 6, 12, 5, 11, 12, 10, 2, 9, 1, 6, 1, 11, 5, 8, 6, 1, 2, 10, 
2 -> 9, 5, 0, 5, 0, 5, 3, 1, 8, 8, 12, 6, 13, 3, 7, 1, 7, 11, 5, 10, 
13 -> 3, 12, 5, 11, 1, 0, 6, 10, 10, 4, 12, 0, 11, 12, 7, 6, 9, 2, 7, 3, 5, 4, 1, 3, 1, 4, 6, 7, 4, 1, 8, 
0 -> 8, 1, 1, 1, 5, 5, 7, 10, 1, 2, 9, 12, 4, 1, 8, 7, 6, 1, 5, 4, 
3 -> 7, 0, 1, 0, 10, 11, 11, 12, 9, 9, 0, 7, 10, 1, 4, 8, 4, 7, 10, 5, 10, 8, 4, 
11 -> 2, 13, 13, 9, 5, 0, 3, 12, 8, 6, 8, 5, 12, 9, 4, 10, 3, 4, 1, 2, 1, 2, 1, 5, 10, 1, 
3 -> 9, 0, 13, 5, 1, 9, 4, 0, 1, 2, 10, 12, 2, 1, 10, 9, 7, 5, 7, 0, 12, 0, 8, 
3 -> 10, 7, 0, 5, 5, 1, 11, 0, 1, 12, 8, 6, 1, 8, 10, 10, 7, 8, 11, 8, 
13 -> 3, 10, 12, 4, 1, 7, 5, 12, 11, 7, 3, 8, 2, 6, 1, 4, 1, 0, 10, 12, 4, 11, 5, 12, 3, 
6 -> 2, 0, 2, 1, 4, 5, 2, 11, 10, 12, 12, 9, 10, 4, 12, 9, 1, 13, 1, 4, 2, 10, 7, 1, 11, 7, 3, 0, 
10 -> 2, 13, 1, 13, 0, 6, 11, 4, 13, 13, 6, 8, 5, 4, 4, 1, 6, 4, 9, 2, 7, 3, 11, 2, 5, 0, 1, 12, 4, 11, 5, 
1 -> 8, 0, 0, 11, 4, 4, 8, 12, 5, 7, 5, 2, 12, 0, 7, 6, 3, 9, 11, 0, 0, 7, 2, 
13 -> 2, 2, 0, 6, 7, 10, 1, 0, 5, 5, 6, 9, 10, 1, 4, 0, 7, 8, 4, 2, 2, 3, 5, 10, 
3 -> 10, 6, 13, 11, 5, 7, 4, 7, 11, 13, 8, 10, 0, 11, 10, 8, 12, 5, 4, 12, 11, 10, 8, 2, 5, 0, 2, 
0 -> 7, 10, 13, 2, 4, 12, 5, 7, 2, 7, 2, 3, 11, 6, 10, 8, 5, 6, 6, 11, 11, 6, 2, 6, 10, 4, 4, 1, 11, 4, 12, 6, 3, 5, 2, 6, 3, 
6 -> 13, 0, 9, 5, 0, 10, 3, 12, 4, 0, 1, 12, 2, 3, 4, 5, 13, 11, 3, 2, 3, 10, 1, 12, 2, 5, 9, 
10 -> 8, 4, 7, 0, 1, 5, 1, 4, 12, 9, 1, 12, 4, 6, 5, 13, 4, 6, 2, 11, 7, 0, 2, 1, 0, 0, 3, 
11 -> 3, 10, 13, 6, 13, 0, 6, 3, 0, 6, 7, 10, 0, 3, 5, 6, 0, 12, 9, 3, 6, 9, 6, 5, 2, 8, 7, 5, 2, 1, 4, 5, 2, 5, 
6 -> 2, 3, 13, 11, 5, 10, 10, 1, 10, 8, 2, 3, 0, 5, 13, 2, 4, 1, 11, 11, 8, 0, 3, 1, 5, 
1 -> 7, 13, 2, 2, 0, 3, 13, 7, 0, 3, 13, 10, 12, 6, 10, 13, 9, 10, 3, 7, 6, 2, 0, 5, 7, 8, 12, 5, 6, 11, 9, 3, 6, 
6 -> 9, 10, 12, 13, 7, 2, 11, 0, 11, 5, 1, 7, 10, 3, 9, 5, 10, 13, 0, 8, 8, 4, 7, 13, 12, 11, 8, 5, 2, 5, 3, 
10 -> 13, 13, 1, 5, 7, 11, 7, 3, 6, 3, 5, 1, 1, 13, 9, 5, 4, 3, 3, 11, 7, 12, 1, 2, 8, 0, 
2 -> 0, 5, 9, 9, 0, 3, 8, 3, 7, 0, 13, 3, 3, 6, 3, 1, 4, 0, 1, 1, 1, 4, 
5 -> 13, 13, 7, 2, 10, 3, 10, 3, 10, 8, 2, 6, 7, 4, 1, 7, 2, 3, 0, 
7 -> 2, 11, 1, 6, 2, 0, 6, 11, 11, 8, 8, 3, 12, 5, 13, 3, 11, 12, 13, 2, 10, 0, 5, 8, 6, 0, 0, 
10 -> 0, 2, 0, 13, 3, 6, 0, 11, 5, 8, 5, 6, 0, 11, 6, 3, 1, 0, 6, 9, 1, 7, 4, 2, 7, 6, 11, 5, 9, 8, 
0 -> 7, 13, 9, 6, 6, 1, 12, 6, 2, 9, 1, 12, 3, 5, 4, 4, 5, 7, 1, 3, 
8 -> 13, 1, 5, 12, 12, 13, 9, 0, 0, 7, 10, 11, 5, 3, 4, 10, 10, 12, 1, 6, 3, 7, 10, 5, 6, 10, 9, 
0 -> 7, 2, 10, 13, 13, 11, 3, 6, 1, 3, 12, 6, 5, 10, 2, 2, 4, 
3 -> 8, 13, 2, 10, 5, 0, 1, 13, 8, 10, 13, 9, 10, 5, 12, 0, 11, 10, 4, 10, 7, 1, 11, 5, 0, 1, 7, 6, 1, 4, 5, 5, 
8 -> 1, 0, 10, 13, 4, 5, 2, 1, 2, 3, 1, 1, 2, 9, 1, 13, 1, 6, 6, 4, 7, 5, 5, 3, 6, 5, 4, 
5 -> 9, 10, 0, 2, 0, 13, 7, 11, 13, 0, 6, 11, 4, 0, 10, 1, 3, 10, 6, 10, 2, 12, 3, 
10 -> 5, 5, 5, 1, 0, 6, 3, 12, 1, 0, 11, 1, 12, 0, 11, 8, 6, 8, 3, 1, 5, 4, 7, 
7 -> 2, 10, 9, 11, 0, 3, 3, 0, 5, 1, 11, 12, 10, 1, 3, 6, 8, 4, 12, 4, 0, 
3 -> 0, 0, 12, 5, 5, 6, 2, 5, 0, 11, 11, 10, 6, 8, 10, 8, 1, 7, 7, 0, 2, 8, 5, 8, 2, 2, 
8 -> 10, 1, 5, 3, 6, 3, 7, 3, 0, 12, 3, 12, 2, 9, 1, 0, 1, 6, 7, 4, 1, 5, 9, 4, 2, 9, 
3 -> 2, 9, 10, 5, 7, 1, 12, 8, 5, 11, 12, 9, 9, 0, 5, 5, 1, 10, 2, 6, 8, 8, 2, 5, 10, 
1 -> 2, 13, 7, 9, 11, 5, 6, 0, 8, 2, 12, 12, 4, 7, 4, 3, 3, 2, 5, 7, 0, 10, 2, 
12 -> 11, 4, 11, 7, 1, 11, 0, 3, 5, 1, 9, 0, 0, 3, 2, 1, 6, 1, 4, 2, 8, 4, 6, 10, 0, 0, 
12 -> 5, 5, 7, 13, 0, 7, 11, 6, 10, 6, 5, 4, 4, 6, 10, 2, 10, 6, 0, 9, 0, 2, 2, 8, 4, 7, 
13 -> 1, 2, 7, 0, 1, 5, 7, 0, 3, 4, 3, 3, 10, 7, 8, 12, 4, 12, 3, 0, 4, 12, 3, 1, 4, 7, 5, 6, 7, 4, 5, 
0 -> 3, 5, 2, 2, 3, 1, 13, 5, 3, 1, 5, 8, 9, 12, 3, 6, 1, 2, 5, 2, 1, 6, 12, 5, 5, 4, 1, 8, 3, 1, 6, 3, 10, 
10 -> 13, 7, 1, 13, 11, 3, 5, 4, 6, 13, 3, 8, 11, 2, 2, 3, 0, 5, 0, 9, 7, 4, 3, 2, 8, 2, 5, 3, 1, 6, 
1 -> 2, 0, 5, 7, 9, 0, 10, 0, 5, 11, 12, 0, 3, 7, 8, 3, 10, 4, 2, 2, 2, 8, 12, 8, 8, 2, 4, 6, 4, 3, 2, 
3 -> 2, 13, 13, 4, 11, 8, 10, 7, 0, 4, 2, 6, 8, 5, 4, 5, 1, 9, 7, 
3 -> 0, 5, 7, 2, 11, 10, 7, 6, 12, 1, 4, 2, 9, 4, 8, 4, 5, 8, 11, 5, 4, 5, 10, 
7 -> 1, 6, 2, 0, 10, 8, 13, 3, 8, 2, 1, 3, 2, 13, 3, 4, 3, 0, 8, 1, 1, 9, 4, 4, 10, 8, 1, 9, 
3 -> 9, 5, 2, 8, 8, 7, 13, 4, 13, 0, 5, 0, 4, 1, 11, 7, 6, 4, 5, 11, 
8 -> 13, 5, 2, 0, 5, 6, 1, 13, 10, 7, 3, 3, 12, 11, 3, 13, 2, 11, 10, 2, 4, 2, 12, 4, 6, 11, 3, 
5 -> 7, 12, 9, 3, 0, 1, 12, 0, 1, 3, 4, 2, 10, 0, 2, 8, 11, 0, 10, 4, 3, 2, 
11 -> 1, 7, 1, 0, 0, 5, 3, 1, 0, 9, 7, 3, 4, 1, 7, 2, 2, 13, 1, 1, 8, 4, 8, 10, 1, 6, 5, 8, 8, 10, 
11 -> 10, 5, 1, 10, 8, 3, 6, 0, 0, 7, 4, 2, 13, 9, 7, 2, 0, 3, 3, 5, 8, 5, 1, 
8 -> 13, 0, 2, 3, 13, 7, 13, 0, 7, 9, 12, 13, 4, 6, 3, 9, 10, 1, 6, 12, 3, 5, 2, 3, 6, 1, 10, 7, 
5 -> 1, 11, 12, 1, 13, 6, 3, 10, 13, 10, 3, 7, 4, 11, 0, 2, 6, 4, 0, 11, 8, 2, 4, 10, 1, 7, 3, 10, 
1 -> 3, 10, 3, 4, 5, 2, 8, 7, 12, 13, 4, 7, 8, 13, 13, 4, 9, 0, 6, 8, 7, 4, 10, 5, 5, 11, 4, 7, 
3 -> 7, 1, 5, 9, 10, 11, 7, 8, 5, 11, 12, 12, 5, 9, 2, 5, 5, 1, 9, 8, 10, 2, 1, 0, 1, 4, 2, 10, 
4 -> 13, 11, 13, 10, 6, 5, 6, 10, 6, 12, 0, 2, 9, 0, 1, 8, 8, 5, 1, 3, 6, 2, 1, 9, 1, 7, 
0 -> 3, 4, 13, 3, 13, 7, 11, 1, 9, 11, 6, 2, 7, 4, 4, 5, 1, 7, 5, 4, 4, 8, 
9 -> 10, 10, 11, 3, 0, 8, 8, 11, 0, 6, 5, 10, 1, 1, 6, 5, 7, 0, 13, 11, 0, 4, 7, 
8 -> 9, 5, 12, 10, 5, 2, 11, 3, 6, 10, 9, 13, 10, 9, 4, 12, 3, 2, 3, 0, 3, 1, 
11 -> 7, 2, 5, 1, 10, 0, 4, 4, 3, 12, 12, 4, 10, 6, 1, 8, 9, 8, 2, 6, 5, 0, 0, 6, 
11 -> 0, 0, 7, 4, 3, 3, 12, 10, 1, 12, 9, 5, 3, 13, 13, 9, 6, 0, 1, 6, 8, 1, 7, 1, 3, 4, 6, 2, 
5 -> 1, 0, 4, 3, 13, 13, 10, 7, 4, 6, 8, 12, 6, 6, 4, 2, 10, 9, 3, 
6 -> 0, 12, 3, 13, 0, 0, 7, 11, 12, 3, 11, 4, 10, 5, 0, 1, 3, 5, 10, 10, 0, 
8 -> 2, 5, 9, 0, 0, 2, 11, 1, 3, 9, 5, 13, 0, 0, 6, 10, 2, 2, 1, 0, 3, 6, 1, 7, 6, 3, 0, 6, 1, 2, 4, 0, 3, 7, 
12 -> 1, 1, 2, 7, 5, 11, 13, 1, 7, 1, 8, 5, 10, 13, 8, 3, 2, 6, 3, 2, 13, 4, 0, 7, 1, 
10 -> 0, 4, 4, 5, 6, 3, 12, 4, 4, 3, 13, 12, 12, 8, 4, 2, 
12 -> 3, 0, 2, 4, 1, 7, 13, 6, 3, 3, 11, 10, 7, 4, 2, 13, 13, 1, 0, 9, 5, 2, 9, 4, 6, 5, 3, 8, 
5 -> 13, 0, 9, 7, 11, 8, 12, 4, 1, 7, 2, 10, 2, 12, 3, 1, 3, 4, 
11 -> 1, 1, 5, 0, 4, 5, 7, 10, 5, 13, 2, 3, 10, 3, 2, 6, 9, 4, 4, 6, 12, 7, 3, 6, 4, 12, 6, 4, 0, 7, 2, 3, 
5 -> 8, 0, 13, 2, 2, 0, 12, 7, 2, 6, 11, 3, 1, 8, 11, 7, 10, 0, 6, 12, 0, 4, 0, 6, 2, 0, 0, 3, 13, 4, 12, 1, 4, 3, 2, 9, 
2 -> 5, 0, 13, 1, 5, 4, 11, 6, 6, 8, 10, 5, 1, 7, 13, 3, 4, 10, 0, 5, 6, 13, 12, 7, 0, 1, 8, 4, 8, 8, 
12 -> 1, 5, 4, 0, 10, 5, 3, 6, 1, 3, 11, 10, 13, 6, 6, 0, 7, 1, 3, 4, 0, 3, 6, 8, 
6 -> 5, 0, 13, 12, 5, 10, 5, 2, 0, 10, 4, 11, 4, 1, 13, 2, 1, 3, 0, 4, 4, 1, 7, 12, 8, 3, 11, 
1 -> 2, 7, 13, 10, 11, 5, 0, 4, 7, 12, 3, 0, 10, 4, 12, 3, 9, 6, 4, 0, 2, 6, 4, 
5 -> 0, 6, 11, 6, 4, 12, 9, 2, 10, 9, 4, 1, 0, 8, 2, 
6 -> 13, 1, 1, 9, 11, 5, 10, 9, 9, 3, 3, 7, 4, 11, 1, 10, 0, 
12 -> 2, 11, 1, 7, 7, 11, 3, 0, 8, 11, 7, 3, 9, 2, 6, 0, 6, 5, 2, 6, 0, 4, 1, 5, 3, 
0 -> 5, 13, 4, 1, 6, 5, 13, 6, 10, 8, 11, 1, 6, 4, 2, 2, 2, 6, 7, 3, 7, 4, 2, 4, 3, 8, 
1 -> 2, 13, 0, 12, 10, 9, 7, 2, 3, 6, 6, 10, 0, 2, 0, 10, 4, 2, 3, 12, 5, 13, 4, 8, 12, 7, 0, 7, 5, 3, 8, 2, 5, 
0 -> 1, 10, 5, 13, 3, 3, 10, 1, 3, 11, 1, 10, 7, 4, 9, 13, 9, 1, 6, 8, 4, 10, 1, 9, 8, 9, 4, 2, 9, 
9 -> 7, 1, 13, 12, 10, 11, 0, 3, 11, 6, 3, 8, 10, 2, 12, 13, 3, 12, 7, 6, 1, 6, 3, 4, 1, 4, 7, 1, 8, 8, 1, 1, 4, 5, 3, 4, 
10 -> 1, 1, 3, 5, 3, 9, 4, 13, 7, 3, 2, 6, 1, 1, 7, 8, 7, 4, 3, 0, 0, 3, 
7 -> 1, 12, 2, 1, 3, 1, 5, 10, 0, 3, 1, 0, 2, 8, 4, 0, 3, 10, 2, 
11 -> 10, 12, 10, 12, 9, 0, 4, 13, 3, 13, 3, 5, 7, 9, 3, 6, 4, 2, 3, 12, 4, 12, 1, 3, 8, 5, 12, 2, 1, 
7 -> 2, 12, 10, 4, 3, 11, 13, 2, 11, 5, 11, 4, 13, 2, 4, 9, 0, 2, 1, 9, 11, 0, 1, 6, 5, 1, 12, 3, 6, 3, 0, 9, 1, 
9 -> 4, 3, 0, 3, 12, 11, 0, 13, 1, 2, 2, 13, 0, 8, 10, 0, 1, 4, 5, 6, 0, 
5 -> 2, 0, 1, 10, 1, 10, 7, 3, 3, 12, 12, 13, 7, 8, 12, 0, 8, 8, 11, 2, 0, 2, 6, 
12 -> 3, 3, 1, 2, 4, 2, 3, 3, 8, 13, 1, 5, 13, 4, 9, 9, 1, 6, 7, 6, 3, 10, 4, 3, 5, 10, 0, 4, 
4 -> 10, 6, 13, 9, 5, 5, 11, 5, 11, 5, 7, 2, 6, 3, 9, 12, 7, 0, 12, 6, 5, 7, 9, 12, 12, 8, 11, 3, 2, 
6 -> 7, 3, 12, 9, 2, 0, 1, 0, 13, 9, 0, 9, 11, 12, 1, 11, 5, 3, 3, 5, 
11 -> 10, 13, 7, 0, 5, 10, 0, 7, 0, 13, 6, 2, 0, 9, 1, 1, 8, 10, 3, 10, 
10 -> 0, 12, 13, 5, 9, 1, 11, 3, 5, 4, 11, 11, 12, 5, 2, 6, 2, 12, 0, 7, 3, 0, 4, 2, 3, 1, 
0 -> 8, 13, 3, 3, 11, 2, 3, 4, 10, 8, 4, 3, 10, 6, 5, 2, 7, 7, 8, 6, 6, 4, 
6 -> 1, 5, 10, 0, 13, 4, 11, 7, 4, 3, 4, 8, 4, 4, 5, 8, 0, 4, 8, 3, 
13 -> 2, 9, 4, 2, 3, 8, 1, 8, 8, 12, 11, 6, 3, 2, 2, 6, 3, 4, 9, 7, 10, 6, 1, 1, 5, 10, 
11 -> 13, 5, 10, 9, 9, 7, 0, 10, 3, 10, 8, 5, 9, 6, 6, 3, 10, 0, 9, 1, 6, 6, 5, 7, 1, 4, 6, 5, 0, 
4 -> 10, 3, 3, 0, 0, 11, 10, 12, 13, 1, 6, 5, 0, 0, 5, 2, 3, 8, 6, 5, 2, 6, 11, 5, 1, 0, 7, 
7 -> 1, 4, 3, 6, 11, 12, 2, 6, 3, 10, 1, 4, 9, 1, 11, 12, 2, 10, 
3 -> 8, 0, 0, 0, 4, 13, 0, 8, 0, 0, 9, 1, 13, 4, 12, 4, 2, 8, 1, 7, 12, 5, 4, 11, 
4 -> 0, 1, 5, 2, 3, 10, 6, 7, 12, 8, 10, 12, 5, 6, 1, 2, 10, 5, 7, 3, 7, 5, 8, 8, 5, 11, 
0 -> 2, 11, 7, 7, 2, 6, 3, 12, 5, 9, 8, 5, 4, 9, 12, 7, 2, 3, 5, 13, 1, 7, 3, 8, 8, 
0 -> 2, 9, 11, 1, 2, 9, 11, 5, 12, 8, 9, 4, 5, 3, 6, 8, 5, 2, 4, 5, 7, 10, 2, 
13 -> 2, 1, 6, 1, 11, 4, 12, 11, 2, 10, 2, 3, 8, 10, 3, 5, 4, 12, 8, 2, 7, 0, 3, 0, 8, 3, 
1 -> 7, 13, 4, 5, 7, 0, 10, 10, 11, 11, 6, 4, 2, 6, 2, 5, 3, 10, 7, 5, 4, 8, 5, 6, 5, 0, 4, 0, 11, 
6 -> 9, 0, 9, 1, 3, 1, 0, 3, 12, 0, 8, 9, 8, 0, 8, 5, 0, 10, 3, 10, 5, 4, 0, 0, 
10 -> 3, 13, 6, 7, 6, 1, 12, 6, 12, 4, 12, 12, 2, 12, 8, 9, 9, 2, 1, 7, 4, 6, 0, 3, 3, 6, 
10 -> 13, 13, 9, 0, 11, 3, 6, 8, 8, 1, 6, 1, 0, 13, 5, 3, 6, 13, 8, 2, 4, 1, 2, 7, 
2 -> 5, 13, 1, 12, 10, 6, 7, 0, 1, 10, 9, 8, 12, 12, 13, 6, 6, 3, 11, 5, 0, 8, 0, 0, 0, 3, 
12 -> 2, 8, 13, 0, 2, 1, 5, 0, 6, 11, 4, 11, 5, 9, 13, 9, 13, 2, 1, 10, 5, 7, 7, 2, 9, 9, 6, 4, 
4 -> 0, 11, 7, 2, 11, 10, 10, 10, 13, 9, 8, 5, 13, 0, 6, 1, 1, 2, 5, 6, 6, 3, 0, 
4 -> 9, 1, 1, 13, 5, 11, 3, 10, 6, 3, 3, 1, 0, 1, 3, 7, 11, 8, 0, 7, 5, 7, 7, 8, 12, 5, 2, 
2 -> 1, 5, 5, 3, 0, 3, 1, 6, 8, 11, 0, 1, 13, 3, 10, 9, 3, 13, 7, 4, 11, 1, 1, 0, 4, 1, 
13 -> 2, 1, 12, 0, 7, 1, 9, 10, 9, 5, 12, 4, 8, 4, 2, 6, 12, 10, 6, 7, 1, 8, 5, 7, 1, 2, 5, 9, 11, 7, 
3 -> 2, 8, 2, 1, 6, 1, 0, 8, 1, 8, 11, 2, 9, 10, 2, 12, 13, 13, 1, 7, 7, 7, 7, 2, 8, 10, 
12 -> 2, 13, 11, 3, 13, 0, 11, 4, 13, 6, 10, 1, 9, 10, 3, 1, 1, 9, 6, 11, 1, 6, 3, 0, 8, 
13 -> 9, 0, 2, 5, 11, 6, 10, 2, 7, 3, 8, 6, 7, 6, 7, 5, 0, 6, 9, 5, 0, 1, 4, 9, 7, 3, 7, 4, 12, 3, 1, 3, 5, 
2 -> 12, 12, 0, 7, 11, 3, 0, 11, 5, 0, 7, 4, 10, 1, 1, 6, 9, 0, 9, 3, 7, 4, 1, 6, 8, 1, 
9 -> 7, 3, 13, 2, 1, 10, 7, 7, 13, 10, 11, 1, 0, 11, 5, 6, 11, 6, 12, 1, 11, 13, 6, 7, 1, 4, 4, 10, 7, 4, 1, 0, 4, 
4 -> 1, 0, 0, 8, 11, 12, 0, 7, 10, 1, 7, 6, 6, 5, 5, 10, 2, 
7 -> 2, 13, 13, 0, 0, 13, 1, 1, 12, 9, 10, 5, 3, 9, 1, 6, 2, 13, 1, 8, 8, 2, 0, 2, 4, 6, 
3 -> 9, 10, 13, 0, 0, 1, 4, 11, 13, 6, 6, 2, 7, 11, 1, 11, 13, 2, 10, 5, 5, 0, 13, 1, 9, 5, 10, 12, 0, 9, 
6 -> 3, 13, 7, 1, 13, 0, 10, 5, 4, 11, 11, 1, 0, 4, 11, 8, 1, 1, 5, 4, 4, 
6 -> 3, 10, 2, 9, 10, 3, 0, 13, 7, 10, 0, 5, 5, 9, 11, 13, 4, 4, 3, 4, 7, 3, 10, 12, 4, 
3 -> 0, 0, 13, 0, 2, 6, 2, 5, 10, 12, 10, 4, 12, 7, 7, 9, 2, 2, 6, 1, 2, 5, 2, 7, 0, 
0 -> 1, 13, 13, 13, 2, 3, 3, 6, 4, 3, 9, 4, 6, 7, 11, 12, 2, 11, 
8 -> 0, 1, 10, 2, 4, 3, 3, 1, 11, 12, 5, 13, 13, 3, 5, 5, 12, 0, 0, 4, 1, 2, 4, 0, 0, 1, 2, 7, 3, 0, 
1 -> 2, 2, 0, 6, 10, 0, 0, 9, 12, 4, 7, 4, 8, 5, 2, 5, 
9 -> 2, 11, 1, 11, 1, 11, 3, 8, 0, 4, 5, 7, 2, 1, 4, 11, 4, 5, 
1 -> 13, 7, 3, 10, 10, 5, 13, 0, 7, 6, 2, 8, 
10 -> 8, 0, 1, 2, 2, 13, 7, 12, 13, 13, 5, 8, 3, 5, 3, 11, 7, 0, 13, 2, 2, 3, 4, 3, 1, 0, 9, 9, 7, 8, 4, 5, 4, 2, 
8 -> 2, 7, 3, 13, 5, 13, 5, 3, 1, 5, 0, 6, 2, 4, 13, 5, 0, 4, 2, 5, 7, 10, 0, 3, 0, 
4 -> 0, 5, 1, 13, 0, 3, 10, 2, 7, 0, 10, 9, 6, 1, 8, 0, 1, 5, 3, 
1 -> 2, 0, 11, 13, 5, 5, 10, 3, 0, 11, 9, 2, 2, 7, 3, 4, 7, 8, 8, 6, 3, 4, 
12 -> 11, 5, 10, 6, 4, 11, 1, 10, 0, 10, 1, 10, 2, 11, 9, 6, 6, 10, 5, 0, 8, 0, 3, 4, 1, 0, 
3 -> 13, 2, 1, 12, 2, 11, 0, 5, 1, 0, 11, 7, 9, 6, 0, 1, 6, 2, 4, 
12 -> 13, 6, 9, 9, 3, 3, 0, 7, 8, 1, 13, 5, 1, 2, 1, 5, 3, 1, 2, 4, 0, 10, 8, 5, 9, 2, 0, 
7 -> 1, 0, 1, 13, 13, 6, 0, 2, 11, 5, 0, 4, 13, 4, 3, 11, 12, 2, 6, 0, 4, 2, 1, 5, 5, 0, 4, 11, 9, 4, 
9 -> 2, 11, 13, 10, 2, 0, 0, 6, 8, 3, 11, 12, 7, 3, 0, 7, 3, 0, 1, 2, 10, 11, 4, 2, 2, 3, 6, 3, 
3 -> 7, 0, 1, 10, 6, 0, 12, 13, 10, 1, 8, 12, 13, 8, 10, 2, 11, 8, 1, 5, 10, 7, 0, 0, 6, 2, 1, 5, 10, 4, 
10 -> 13, 1, 1, 3, 3, 8, 7, 1, 2, 0, 11, 7, 3, 4, 2, 9, 12, 1, 6, 1, 12, 8, 1, 6, 1, 4, 5, 8, 0, 
4 -> 0, 1, 1, 9, 2, 9, 5, 6, 1, 1, 3, 0, 11, 6, 0, 13, 6, 1, 5, 3, 10, 7, 10, 5, 9, 7, 0, 6, 9, 
2 -> 6, 0, 4, 12, 3, 5, 0, 8, 12, 0, 1, 3, 7, 11, 5, 4, 3, 3, 1, 10, 1, 12, 5, 6, 4, 3, 5, 3, 9, 
1 -> 2, 12, 0, 3, 6, 13, 7, 3, 12, 2, 6, 10, 5, 8, 4, 10, 2, 6, 2, 10, 3, 3, 3, 0, 10, 
0 -> 2, 12, 10, 2, 3, 3, 13, 3, 7, 4, 10, 4, 8, 1, 3, 7, 
0 -> 5, 3, 5, 11, 1, 6, 10, 10, 5, 2, 5, 1, 1, 5, 1, 1, 4, 9, 3, 7, 4, 
4 -> 1, 0, 1, 6, 13, 3, 10, 13, 6, 5, 6, 0, 10, 5, 5, 1, 12, 6, 2, 5, 7, 
2 -> 1, 13, 5, 12, 3, 0, 1, 3, 11, 9, 11, 13, 1, 10, 11, 4, 6, 8, 12, 4, 3, 4, 5, 4, 6, 3, 
9 -> 13, 0, 10, 10, 1, 3, 0, 8, 8, 3, 1, 6, 0, 10, 10, 8, 1, 1, 2, 11, 6, 7, 8, 4, 6, 13, 10, 4, 10, 4, 4, 0, 
5 -> 9, 6, 1, 1, 11, 3, 6, 6, 3, 0, 3, 4, 6, 13, 3, 8, 9, 12, 7, 4, 8, 4, 3, 2, 10, 3, 13, 2, 
3 -> 9, 4, 1, 2, 1, 0, 4, 7, 11, 4, 6, 13, 12, 5, 2, 12, 1, 7, 0, 9, 4, 4, 6, 0, 
2 -> 1, 5, 0, 5, 1, 12, 1, 8, 3, 6, 12, 1, 13, 1, 5, 1, 8, 4, 7, 10, 
13 -> 1, 7, 11, 5, 5, 6, 10, 11, 1, 3, 2, 1, 8, 4, 12, 8, 2, 8, 0, 2, 3, 0, 
2 -> 12, 12, 7, 1, 13, 0, 1, 5, 0, 7, 5, 4, 10, 13, 4, 10, 3, 3, 0, 1, 8, 8, 8, 6, 6, 10, 4, 3, 4, 3, 
5 -> 9, 0, 10, 1, 13, 11, 4, 3, 10, 3, 9, 11, 6, 8, 8, 3, 6, 0, 1, 4, 0, 13, 1, 2, 2, 4, 0, 7, 
11 -> 1, 1, 2, 0, 7, 7, 8, 4, 9, 12, 7, 3, 2, 12, 4, 10, 2, 5, 6, 
10 -> 3, 1, 1, 13, 2, 7, 2, 5, 6, 13, 7, 6, 1, 12, 8, 8, 9, 5, 4, 2, 0, 12, 5, 4, 1, 5, 2, 4, 8, 
3 -> 9, 13, 1, 2, 11, 13, 4, 1, 11, 10, 7, 5, 2, 13, 0, 4, 1, 11, 2, 7, 12, 0, 6, 5, 4, 6, 0, 
12 -> 2, 5, 9, 6, 0, 7, 8, 5, 0, 10, 3, 7, 10, 11, 2, 1, 7, 5, 1, 4, 11, 4, 
5 -> 1, 10, 1, 9, 0, 11, 4, 3, 2, 0, 13, 10, 3, 4, 0, 4, 4, 6, 12, 8, 7, 0, 10, 0, 4, 7, 4, 2, 
2 -> 3, 1, 0, 12, 7, 6, 5, 13, 0, 8, 12, 11, 0, 9, 13, 7, 3, 12, 1, 0, 8, 6, 1, 5, 4, 0, 3, 
1 -> 10, 13, 7, 2, 8, 8, 8, 9, 2, 9, 10, 2, 0, 7, 4, 5, 3, 8, 10, 
8 -> 9, 0, 11, 3, 0, 4, 5, 5, 11, 10, 4, 9, 1, 0, 9, 2, 12, 6, 0, 2, 7, 4, 3, 4, 11, 3, 0, 
13 -> 1, 5, 5, 2, 6, 6, 7, 8, 7, 11, 11, 12, 12, 0, 3, 6, 1, 2, 6, 0, 1, 4, 4, 6, 4, 3, 8, 4, 4, 
1 -> 13, 6, 9, 0, 3, 0, 11, 8, 7, 12, 8, 3, 9, 7, 12, 0, 9, 8, 2, 6, 0, 4, 12, 8, 6, 13, 12, 10, 10, 4, 
13 -> 1, 0, 6, 4, 5, 6, 6, 11, 12, 9, 12, 3, 9, 2, 3, 0, 1, 3, 7, 8, 8, 6, 0, 2, 8, 
6 -> 9, 7, 1, 10, 3, 1, 9, 4, 13, 8, 11, 10, 2, 1, 3, 3, 0, 8, 7, 3, 8, 10, 5, 5, 9, 
1 -> 11, 2, 3, 0, 9, 8, 12, 9, 2, 5, 5, 6, 0, 4, 7, 8, 
9 -> 10, 1, 4, 12, 5, 11, 3, 6, 13, 10, 11, 3, 4, 11, 4, 10, 2, 12, 2, 10, 1, 0, 7, 12, 7, 4, 1, 4, 6, 0, 11, 2, 3, 
6 -> 2, 1, 3, 9, 2, 3, 4, 8, 5, 2, 0, 9, 13, 7, 2, 3, 13, 0, 7, 10, 5, 4, 
6 -> 7, 13, 1, 5, 9, 0, 10, 1, 4, 13, 12, 11, 5, 12, 12, 13, 9, 5, 13, 0, 1, 9, 5, 2, 10, 1, 2, 4, 2, 3, 
2 -> 13, 0, 0, 13, 5, 11, 10, 12, 7, 9, 1, 6, 1, 6, 0, 7, 8, 0, 4, 8, 3, 0, 4, 1, 
3 -> 10, 1, 13, 0, 10, 7, 11, 7, 9, 11, 13, 6, 6, 4, 6, 4, 8, 4, 1, 5, 0, 4, 
0 -> 1, 3, 5, 8, 10, 3, 4, 11, 8, 5, 5, 3, 8, 13, 1, 7, 1, 5, 3, 6, 
4 -> 2, 2, 9, 0, 11, 3, 5, 9, 13, 6, 3, 3, 1, 3, 9, 1, 3, 0, 12, 3, 2, 1, 
12 -> 13, 13, 5, 2, 4, 11, 3, 5, 11, 5, 4, 10, 13, 8, 0, 4, 1, 2, 6, 1, 8, 0, 0, 0, 3, 0, 9, 
1 -> 9, 3, 0, 0, 2, 4, 6, 2, 4, 3, 13, 6, 11, 12, 7, 7, 3, 3, 2, 13, 9, 0, 4, 0, 0, 3, 11, 8, 0, 9, 2, 8, 
4 -> 2, 1, 1, 0, 0, 11, 7, 3, 13, 6, 10, 6, 7, 3, 5, 5, 0, 6, 11, 2, 9, 2, 10, 3, 
0 -> 13, 9, 1, 4, 5, 12, 7, 5, 6, 10, 4, 13, 3, 8, 1, 6, 12, 1, 3, 9, 6, 3, 11, 5, 3, 4, 5, 
0 -> 2, 6, 13, 5, 1, 13, 10, 5, 12, 5, 9, 11, 11, 2, 6, 2, 9, 1, 4, 6, 9, 12, 11, 10, 9, 3, 
7 -> 3, 8, 0, 0, 2, 0, 1, 13, 4, 13, 1, 13, 1, 0, 10, 0, 9, 6, 9, 1, 1, 0, 2, 11, 5, 8, 4, 1, 8, 3, 
9 -> 13, 4, 7, 5, 6, 10, 11, 12, 6, 13, 4, 5, 1, 12, 4, 0, 1, 4, 3, 10, 
1 -> 0, 13, 5, 10, 11, 10, 4, 6, 12, 13, 6, 2, 3, 0, 7, 4, 6, 7, 3, 6, 4, 
6 -> 8, 13, 0, 5, 10, 1, 0, 10, 11, 2, 8, 5, 1, 13, 4, 7, 2, 3, 0, 4, 7, 8, 1, 7, 5, 0, 4, 
9 -> 1, 2, 2, 12, 11, 5, 10, 11, 6, 10, 3, 12, 11, 11, 7, 10, 13, 2, 3, 8, 4, 8, 4, 2, 7, 6, 11, 5, 12, 2, 3, 8, 
3 -> 9, 9, 0, 13, 1, 2, 8, 6, 0, 10, 2, 6, 4, 0, 1, 6, 2, 9, 4, 13, 12, 1, 4, 2, 
6 -> 3, 13, 5, 0, 1, 1, 12, 2, 11, 1, 10, 0, 9, 8, 10, 2, 3, 10, 5, 13, 7, 4, 12, 7, 2, 1, 11, 4, 2, 
2 -> 10, 1, 5, 7, 10, 0, 0, 10, 1, 8, 5, 7, 0, 1, 9, 1, 8, 6, 5, 7, 3, 5, 11, 6, 
5 -> 0, 4, 4, 1, 13, 9, 6, 10, 12, 1, 4, 1, 3, 4, 9, 0, 11, 0, 11, 12, 11, 3, 2, 8, 
5 -> 0, 0, 2, 11, 13, 11, 13, 11, 6, 10, 0, 0, 4, 13, 1, 4, 6, 10, 6, 4, 2, 7, 8, 11, 7, 2, 3, 10, 
3 -> 0, 1, 0, 6, 7, 8, 6, 6, 4, 1, 2, 6, 1, 4, 2, 6, 0, 7, 2, 4, 5, 9, 2, 1, 
2 -> 7, 1, 1, 6, 11, 11, 6, 11, 6, 5, 12, 5, 10, 3, 9, 7, 3, 7, 11, 8, 1, 7, 4, 3, 5, 5, 
10 -> 13, 2, 2, 1, 13, 11, 7, 6, 6, 0, 6, 3, 5, 3, 5, 1, 12, 13, 9, 4, 4, 5, 0, 1, 5, 4, 1, 8, 3, 3, 5, 7, 
13 -> 2, 0, 2, 6, 11, 4, 6, 10, 6, 1, 10, 2, 1, 10, 4, 2, 7, 3, 6, 6, 7, 12, 12, 3, 7, 5, 10, 0, 2, 0, 8, 
0 -> 13, 13, 7, 9, 6, 6, 12, 4, 13, 8, 8, 7, 2, 4, 1, 6, 5, 10, 4, 8, 11, 7, 12, 5, 6, 2, 
7 -> 1, 0, 13, 8, 3, 1, 10, 11, 4, 2, 2, 1, 4, 5, 9, 13, 4, 2, 3, 10, 1, 
6 -> 7, 1, 1, 9, 12, 11, 7, 5, 7, 12, 1, 10, 2, 4, 13, 12, 3, 1, 3, 5, 1, 1, 2, 4, 8, 9, 3, 0, 0, 8, 
7 -> 13, 1, 5, 1, 0, 6, 10, 5, 3, 3, 6, 13, 3, 10, 6, 2, 1, 1, 4, 3, 2, 0, 
4 -> 1, 2, 5, 10, 8, 1, 10, 1, 8, 8, 0, 13, 12, 6, 2, 7, 8, 0, 3, 3, 2, 
1 -> 7, 10, 5, 2, 10, 5, 0, 2, 10, 7, 4, 13, 13, 9, 3, 8, 4, 6, 12, 2, 6, 11, 5, 8, 8, 6, 11, 9, 6, 
4 -> 9, 12, 10, 13, 9, 7, 2, 11, 6, 0, 6, 0, 3, 1, 13, 2, 9, 6, 1, 7, 5, 6, 9, 5, 0, 11, 0, 3, 7, 3, 7, 3, 6, 7, 8, 7, 1, 
4 -> 1, 13, 7, 0, 7, 0, 5, 13, 3, 8, 0, 1, 11, 9, 1, 2, 11, 10, 5, 8, 12, 3, 5, 
9 -> 0, 12, 5, 11, 3, 1, 10, 12, 1, 5, 0, 7, 12, 13, 3, 12, 6, 4, 0, 3, 7, 4, 11, 5, 10, 7, 0, 10, 3, 0, 6, 0, 4, 2, 
1 -> 13, 2, 3, 0, 7, 13, 10, 3, 8, 11, 11, 9, 10, 4, 7, 10, 0, 10, 6, 7, 6, 5, 7, 8, 5, 4, 9, 
2 -> 13, 1, 6, 5, 5, 7, 3, 8, 11, 11, 8, 12, 7, 3, 8, 13, 12, 6, 5, 0, 8, 9, 4, 3, 
1 -> 5, 2, 6, 0, 6, 5, 12, 11, 3, 9, 2, 11, 6, 5, 4, 8, 
11 -> 1, 2, 10, 7, 3, 6, 0, 3, 10, 5, 7, 6, 6, 9, 9, 1, 4, 1, 6, 6, 1, 6, 1, 3, 
0 -> 12, 12, 3, 3, 11, 6, 1, 7, 4, 3, 2, 1, 6, 3, 4, 3, 3, 2, 10, 6, 5, 2, 1, 
8 -> 7, 1, 2, 1, 2, 1, 3, 13, 11, 6, 3, 11, 3, 4, 9, 6, 1, 9, 10, 5, 7, 1, 0, 3, 2, 
6 -> 0, 0, 10, 8, 3, 0, 8, 11, 12, 12, 0, 0, 4, 1, 12, 2, 5, 9, 5, 4, 5, 11, 
0 -> 13, 2, 3, 1, 1, 7, 10, 1, 6, 5, 8, 5, 2, 5, 11, 
8 -> 10, 2, 2, 3, 3, 6, 10, 1, 5, 1, 4, 6, 10, 3, 1, 0, 5, 2, 0, 6, 3, 2, 10, 13, 5, 0, 5, 
1 -> 13, 9, 11, 3, 0, 12, 6, 8, 0, 7, 11, 11, 4, 9, 3, 3, 0, 2, 5, 11, 6, 11, 2, 0, 4, 7, 4, 4, 2, 
4 -> 1, 10, 9, 1, 1, 3, 10, 3, 11, 0, 5, 11, 9, 6, 5, 3, 9, 12, 11, 0, 8, 
7 -> 0, 13, 0, 5, 3, 10, 8, 4, 0, 1, 1, 3, 9, 1, 5, 1, 
12 -> 0, 2, 3, 6, 0, 1, 8, 10, 4, 3, 2, 13, 10, 8, 9, 13, 6, 8, 1, 7, 4, 7, 4, 5, 5, 2, 11, 3, 0, 
6 -> 10, 7, 3, 13, 10, 3, 1, 11, 12, 12, 4, 4, 9, 8, 13, 12, 0, 2, 2, 3, 4, 13, 7, 3, 8, 5, 
4 -> 2, 13, 13, 6, 9, 2, 1, 0, 10, 0, 8, 12, 8, 11, 13, 9, 12, 5, 5, 1, 6, 5, 7, 3, 
6 -> 2, 10, 5, 1, 1, 11, 5, 5, 11, 7, 11, 0, 12, 5, 11, 1, 4, 3, 10, 2, 5, 0, 4, 0, 0, 
3 -> 12, 5, 7, 4, 10, 10, 1, 11, 6, 5, 10, 4, 1, 0, 0, 10, 7, 8, 4, 2, 8, 
5 -> 2, 1, 1, 2, 7, 13, 1, 3, 0, 0, 0, 8, 3, 1, 1, 0, 4, 7, 4, 
0 -> 11, 3, 13, 13, 4, 5, 3, 12, 6, 8, 5, 2, 1, 10, 1, 3, 3, 
12 -> 13, 13, 6, 1, 1, 3, 5, 6, 3, 13, 8, 10, 11, 2, 1, 11, 6, 13, 10, 3, 5, 1, 9, 6, 13, 8, 4, 7, 0, 10, 8, 1, 5, 3, 8, 8, 
6 -> 2, 12, 13, 5, 3, 10, 10, 3, 0, 11, 12, 2, 11, 8, 1, 4, 0, 7, 
3 -> 1, 13, 12, 1, 0, 4, 11, 1, 13, 10, 7, 2, 13, 4, 0, 6, 11, 7, 5, 7, 6, 0, 4, 10, 1, 4, 
2 -> 7, 0, 0, 11, 13, 9, 7, 4, 13, 11, 6, 10, 12, 5, 12, 1, 0, 10, 8, 9, 5, 6, 8, 0, 6, 4, 0, 10, 
1 -> 9, 13, 5, 13, 3, 8, 13, 3, 7, 3, 12, 0, 7, 7, 11, 5, 0, 10, 5, 
7 -> 0, 2, 8, 0, 13, 4, 4, 13, 9, 4, 1, 1, 5, 11, 4, 1, 8, 
5 -> 11, 1, 0, 2, 0, 3, 1, 13, 1, 8, 0, 12, 7, 4, 12, 4, 2, 10, 6, 2, 10, 1, 0, 7, 0, 6, 1, 6, 11, 7, 
8 -> 2, 2, 0, 7, 1, 13, 0, 1, 10, 3, 12, 1, 11, 0, 5, 11, 0, 7, 10, 2, 13, 2, 6, 7, 4, 7, 6, 0, 6, 10, 4, 10, 4, 10, 
7 -> 2, 8, 2, 13, 10, 0, 4, 3, 11, 3, 9, 10, 0, 3, 4, 9, 12, 2, 1, 8, 2, 0, 0, 8, 0, 
4 -> 9, 1, 1, 9, 5, 0, 2, 0, 3, 2, 5, 9, 7, 9, 2, 1, 0, 12, 5, 5, 6, 
4 -> 3, 1, 2, 0, 7, 6, 13, 0, 7, 5, 6, 10, 1, 10, 1, 1, 5, 0, 10, 6, 1, 2, 10, 3, 8, 
1 -> 3, 11, 12, 0, 7, 7, 11, 3, 0, 9, 11, 6, 6, 2, 10, 4, 12, 4, 10, 4, 3, 10, 
2 -> 0, 4, 3, 1, 10, 7, 4, 1, 3, 3, 3, 7, 5, 10, 
8 -> 7, 13, 1, 5, 6, 3, 7, 0, 0, 3, 7, 5, 4, 9, 10, 5, 13, 10, 13, 9, 2, 5, 1, 2, 3, 12, 11, 0, 1, 6, 11, 
11 -> 8, 0, 0, 1, 5, 6, 4, 6, 10, 6, 6, 5, 5, 2, 2, 0, 4, 0, 5, 0, 9, 3, 8, 5, 0, 0, 1, 3, 6, 7, 
10 -> 6, 7, 3, 3, 7, 5, 3, 0, 11, 3, 9, 11, 13, 6, 9, 1, 11, 4, 8, 1, 0, 2, 1, 4, 4, 8, 
3 -> 6, 12, 10, 11, 11, 6, 10, 11, 8, 8, 12, 11, 0, 13, 5, 4, 4, 8, 6, 11, 10, 10, 12, 13, 1, 5, 
11 -> 9, 8, 10, 4, 7, 2, 1, 3, 10, 6, 10, 3, 6, 12, 9, 3, 1, 7, 2, 1, 1, 1, 3, 12, 6, 5, 
5 -> 0, 13, 2, 1, 12, 1, 10, 4, 4, 13, 11, 4, 6, 4, 3, 7, 4, 12, 0, 9, 2, 8, 4, 11, 3, 0, 2, 3, 6, 8, 11, 7, 
2 -> 8, 13, 7, 1, 5, 3, 0, 4, 7, 3, 5, 5, 3, 13, 6, 4, 6, 0, 0, 4, 0, 
7 -> 1, 13, 6, 3, 3, 5, 10, 1, 10, 0, 1, 12, 3, 9, 8, 13, 6, 6, 9, 8, 3, 8, 0, 4, 5, 4, 3, 0, 
2 -> 13, 12, 12, 11, 13, 0, 1, 5, 10, 6, 10, 3, 8, 4, 4, 3, 5, 3, 7, 0, 8, 1, 0, 4, 6, 7, 3, 4, 10, 5, 
5 -> 13, 0, 1, 10, 9, 1, 7, 3, 0, 3, 8, 9, 6, 6, 11, 0, 0, 1, 0, 7, 4, 12, 13, 1, 6, 2, 10, 11, 2, 7, 
10 -> 9, 1, 0, 0, 1, 1, 12, 11, 3, 7, 8, 5, 5, 6, 3, 12, 3, 5, 9, 0, 8, 6, 3, 3, 2, 0, 13, 12, 2, 9, 
8 -> 6, 13, 7, 5, 13, 1, 7, 3, 13, 1, 0, 12, 7, 1, 4, 5, 4, 4, 0, 
8 -> 0, 1, 1, 5, 0, 1, 3, 3, 11, 10, 0, 4, 2, 13, 1, 6, 1, 0, 6, 5, 4, 
5 -> 13, 2, 13, 12, 13, 0, 10, 8, 3, 8, 11, 4, 4, 3, 10, 7, 2, 10, 1, 0, 7, 1, 1, 2, 10, 3, 11, 
2 -> 0, 6, 0, 4, 5, 8, 12, 0, 13, 10, 8, 11, 3, 6, 10, 0, 7, 0, 
7 -> 2, 1, 9, 12, 3, 9, 8, 11, 1, 11, 6, 4, 5, 6, 1, 4, 6, 5, 9, 2, 
5 -> 13, 13, 13, 9, 9, 1, 8, 1, 4, 1, 2, 13, 1, 12, 0, 1, 4, 6, 3, 7, 0, 8, 4, 9, 
1 -> 3, 0, 0, 5, 11, 5, 3, 10, 12, 7, 12, 0, 5, 4, 11, 9, 
7 -> 2, 0, 5, 6, 10, 13, 12, 3, 10, 4, 13, 6, 5, 4, 2, 8, 1, 4, 4, 0, 
4 -> 2, 13, 10, 12, 10, 1, 9, 11, 13, 6, 7, 12, 6, 10, 13, 8, 10, 9, 3, 9, 6, 6, 5, 12, 1, 7, 0, 13, 12, 12, 0, 1, 3, 
7 -> 0, 13, 9, 4, 1, 4, 11, 6, 0, 1, 1, 2, 12, 4, 13, 12, 13, 3, 5, 1, 9, 3, 12, 3, 5, 12, 0, 8, 4, 6, 
4 -> 0, 6, 13, 9, 5, 1, 9, 11, 6, 13, 1, 5, 7, 0, 9, 9, 9, 0, 3, 3, 10, 8, 12, 10, 5, 5, 0, 8, 
8 -> 11, 13, 5, 5, 3, 3, 0, 1, 7, 1, 2, 13, 5, 3, 2, 2, 6, 2, 5, 6, 
1 -> 12, 0, 10, 5, 3, 13, 11, 11, 2, 2, 10, 7, 4, 4, 4, 2, 3, 0, 
3 -> 2, 6, 10, 9, 1, 2, 1, 4, 13, 6, 8, 0, 7, 8, 0, 6, 1, 13, 7, 12, 2, 5, 4, 
0 -> 1, 1, 13, 9, 9, 4, 1, 2, 10, 13, 1, 12, 7, 9, 1, 13, 2, 12, 12, 5, 5, 13, 5, 1, 12, 1, 5, 4, 5, 10, 1, 1, 13, 9, 12, 6, 5, 4, 8, 4, 6, 
2 -> 0, 9, 5, 11, 13, 1, 12, 12, 3, 7, 3, 9, 1, 7, 8, 4, 5, 5, 6, 3, 0, 4, 10, 
8 -> 7, 3, 13, 12, 2, 0, 10, 7, 6, 9, 2, 1, 12, 12, 7, 2, 6, 4, 2, 0, 3, 5, 5, 
7 -> 1, 10, 12, 1, 6, 3, 11, 4, 3, 3, 3, 8, 12, 5, 8, 4, 0, 6, 11, 0, 
10 -> 6, 1, 13, 4, 3, 13, 3, 6, 1, 5, 0, 6, 6, 8, 12, 4, 6, 7, 0, 12, 1, 4, 1, 3, 0, 2, 3, 4, 1, 7, 
8 -> 0, 13, 0, 1, 0, 3, 4, 3, 4, 4, 11, 3, 10, 3, 7, 11, 4, 4, 12, 2, 1, 4, 12, 2, 5, 3, 4, 0, 10, 0, 6, 1, 
6 -> 3, 5, 2, 1, 11, 8, 12, 4, 1, 2, 2, 13, 1, 0, 3, 8, 2, 8, 0, 10, 
0 -> 2, 7, 10, 11, 2, 4, 10, 1, 10, 6, 5, 7, 2, 8, 12, 3, 12, 4, 3, 7, 11, 2, 4, 7, 2, 2, 3, 
0 -> 2, 2, 11, 7, 9, 5, 4, 3, 1, 5, 5, 5, 10, 7, 8, 3, 9, 2, 8, 7, 4, 8, 11, 10, 4, 2, 4, 2, 4, 5, 6, 10, 4, 
1 -> 6, 13, 4, 5, 13, 13, 11, 10, 7, 5, 3, 4, 0, 11, 12, 0, 9, 12, 6, 0, 4, 13, 9, 6, 3, 0, 9, 12, 6, 4, 2, 3, 7, 
12 -> 3, 0, 7, 0, 7, 3, 13, 0, 1, 10, 8, 4, 2, 3, 4, 3, 11, 5, 1, 5, 5, 0, 9, 1, 
6 -> 2, 7, 7, 2, 5, 8, 13, 3, 1, 9, 2, 1, 1, 8, 4, 11, 1, 1, 3, 10, 10, 0, 8, 
3 -> 9, 12, 0, 5, 11, 1, 1, 4, 4, 8, 11, 8, 11, 5, 7, 0, 5, 6, 0, 2, 5, 4, 2, 
0 -> 13, 5, 5, 13, 10, 5, 2, 7, 3, 2, 4, 7, 3, 2, 12, 9, 2, 5, 2, 7, 8, 4, 3, 4, 
1 -> 9, 10, 7, 3, 7, 0, 8, 4, 8, 10, 8, 0, 8, 4, 2, 
0 -> 1, 7, 8, 8, 12, 9, 13, 3, 1, 4, 1, 8, 10, 6, 2, 3, 
6 -> 13, 5, 10, 12, 0, 10, 8, 8, 11, 1, 0, 2, 4, 3, 10, 0, 5, 7, 1, 7, 
13 -> 6, 10, 11, 2, 11, 0, 6, 6, 9, 12, 5, 0, 9, 5, 5, 1, 3, 8, 6, 3, 5, 10, 4, 0, 1, 10, 11, 7, 5, 7, 
9 -> 1, 4, 5, 6, 7, 5, 12, 0, 4, 1, 4, 0, 6, 0, 1, 11, 12, 0, 3, 2, 
2 -> 8, 0, 0, 3, 11, 0, 7, 3, 9, 1, 10, 4, 6, 0, 4, 10, 7, 10, 5, 11, 
4 -> 7, 10, 7, 13, 11, 12, 6, 12, 1, 2, 13, 1, 3, 1, 2, 1, 7, 5, 2, 10, 
4 -> 3, 0, 13, 13, 12, 11, 11, 13, 12, 11, 5, 6, 10, 13, 9, 7, 1, 0, 3, 7, 3, 3, 9, 1, 
12 -> 10, 1, 2, 13, 9, 1, 10, 6, 5, 7, 11, 5, 4, 6, 0, 4, 1, 4, 0, 3, 4, 4, 4, 3, 0, 1, 5, 
1 -> 0, 3, 5, 4, 6, 10, 8, 2, 7, 0, 10, 2, 8, 10, 5, 7, 6, 11, 0, 12, 11, 5, 12, 0, 0, 4, 7, 
1 -> 5, 4, 7, 2, 7, 0, 0, 2, 6, 13, 9, 6, 3, 10, 10, 6, 13, 8, 5, 
2 -> 0, 0, 5, 9, 5, 1, 4, 13, 3, 3, 3, 12, 5, 10, 8, 1, 5, 5, 5, 8, 3, 10, 0, 3, 8, 5, 4, 10, 
6 -> 0, 1, 13, 4, 0, 11, 7, 13, 0, 12, 11, 12, 0, 4, 12, 1, 3, 13, 9, 0, 1, 9, 2, 5, 8, 1, 4, 0, 2, 3, 
11 -> 0, 13, 13, 9, 13, 6, 10, 3, 6, 7, 0, 9, 6, 5, 5, 4, 9, 2, 3, 
2 -> 1, 1, 0, 9, 5, 11, 10, 10, 1, 12, 10, 8, 1, 13, 5, 6, 3, 5, 8, 8, 0, 0, 3, 3, 3, 
1 -> 8, 5, 7, 0, 11, 10, 11, 2, 0, 8, 5, 5, 6, 12, 9, 9, 13, 13, 9, 4, 2, 2, 7, 5, 7, 6, 6, 2, 9, 3, 6, 
7 -> 13, 3, 5, 2, 11, 0, 1, 0, 11, 13, 3, 1, 5, 5, 0, 6, 0, 1, 10, 0, 3, 8, 1, 6, 2, 5, 2, 13, 0, 6, 2, 4, 5, 3, 0, 
5 -> 1, 13, 4, 11, 4, 4, 0, 13, 3, 1, 7, 13, 10, 3, 3, 12, 1, 11, 4, 11, 3, 2, 6, 9, 13, 12, 8, 8, 12, 4, 4, 3, 2, 1, 
12 -> 13, 0, 13, 9, 10, 7, 3, 13, 6, 6, 11, 7, 4, 7, 3, 13, 3, 9, 5, 0, 4, 10, 4, 7, 9, 5, 1, 4, 6, 2, 
8 -> 1, 13, 9, 7, 10, 12, 2, 4, 1, 1, 7, 10, 3, 5, 1, 2, 9, 4, 11, 
4 -> 13, 2, 1, 6, 2, 0, 7, 5, 13, 13, 10, 11, 7, 8, 5, 9, 10, 7, 10, 3, 12, 2, 13, 2, 6, 2, 7, 7, 8, 7, 0, 0, 5, 9, 3, 
3 -> 2, 1, 6, 13, 0, 0, 9, 13, 1, 2, 2, 10, 7, 4, 8, 2, 4, 5, 8, 
3 -> 1, 1, 4, 2, 6, 1, 6, 10, 8, 1, 7, 12, 6, 13, 4, 12, 4, 4, 12, 2, 0, 2, 7, 1, 4, 
8 -> 12, 12, 5, 10, 6, 7, 11, 6, 1, 0, 4, 6, 3, 1, 13, 6, 2, 7, 3, 
5 -> 7, 10, 0, 4, 0, 10, 13, 0, 11, 6, 11, 1, 6, 1, 2, 0, 8, 7, 8, 1, 2, 2, 0, 4, 4, 
4 -> 8, 13, 0, 6, 11, 0, 7, 3, 0, 13, 3, 7, 9, 10, 0, 11, 7, 3, 2, 0, 2, 1, 1, 12, 2, 8, 8, 5, 2, 6, 5, 9, 5, 3, 5, 
10 -> 0, 1, 6, 3, 13, 3, 0, 4, 4, 13, 1, 6, 7, 12, 1, 9, 5, 1, 6, 6, 0, 13, 9, 4, 5, 4, 13, 2, 5, 5, 2, 
2 -> 10, 1, 1, 0, 6, 11, 6, 5, 0, 3, 1, 7, 10, 13, 10, 3, 9, 5, 7, 8, 5, 10, 0, 11, 1, 5, 3, 
6 -> 13, 2, 13, 5, 7, 1, 0, 0, 1, 7, 3, 8, 13, 8, 7, 11, 1, 4, 9, 11, 0, 1, 4, 11, 5, 7, 0, 5, 1, 4, 5, 4, 
5 -> 2, 2, 4, 10, 9, 6, 6, 6, 10, 0, 1, 9, 9, 12, 6, 3, 1, 7, 4, 3, 0, 12, 7, 4, 8, 
3 -> 0, 2, 2, 0, 13, 5, 6, 5, 5, 5, 10, 10, 4, 1, 9, 2, 7, 10, 6, 4, 9, 11, 5, 5, 4, 7, 
5 -> 1, 7, 13, 3, 6, 11, 11, 3, 0, 1, 13, 6, 4, 10, 0, 6, 4, 12, 6, 7, 4, 2, 
0 -> 7, 1, 7, 1, 10, 11, 7, 11, 12, 10, 6, 1, 2, 9, 5, 3, 12, 13, 4, 6, 4, 8, 7, 5, 
9 -> 2, 2, 13, 1, 5, 10, 8, 0, 12, 13, 12, 4, 0, 3, 0, 1, 2, 6, 7, 5, 8, 4, 4, 
7 -> 6, 11, 2, 9, 1, 0, 13, 0, 4, 0, 4, 1, 12, 4, 2, 3, 5, 4, 2, 0, 
3 -> 10, 1, 0, 5, 1, 5, 10, 5, 7, 6, 13, 8, 2, 0, 13, 12, 0, 6, 8, 8, 0, 2, 5, 2, 5, 
1 -> 0, 2, 7, 12, 10, 6, 2, 0, 3, 10, 10, 11, 8, 13, 3, 11, 6, 3, 7, 4, 12, 3, 6, 
4 -> 7, 0, 9, 0, 3, 5, 0, 3, 12, 1, 0, 8, 11, 0, 6, 9, 2, 12, 6, 5, 10, 3, 5, 0, 6, 0, 3, 1, 
4 -> 1, 9, 1, 11, 3, 2, 12, 6, 10, 3, 0, 9, 3, 1, 3, 8, 0, 8, 3, 
5 -> 2, 0, 0, 4, 10, 3, 10, 3, 11, 1, 11, 4, 2, 2, 6, 12, 2, 8, 2, 8, 3, 4, 10, 3, 4, 2, 
0 -> 10, 4, 13, 5, 4, 13, 1, 5, 4, 11, 11, 7, 2, 3, 8, 8, 4, 13, 12, 9, 8, 6, 8, 4, 3, 1, 
3 -> 2, 2, 12, 5, 7, 2, 2, 11, 10, 0, 0, 6, 12, 11, 13, 1, 9, 9, 5, 11, 4, 2, 6, 4, 5, 5, 10, 
4 -> 2, 0, 6, 1, 10, 9, 7, 0, 3, 7, 8, 13, 0, 6, 2, 9, 3, 5, 2, 6, 1, 10, 7, 0, 0, 6, 7, 6, 8, 2, 0, 
5 -> 0, 13, 13, 3, 2, 3, 1, 12, 6, 13, 4, 13, 3, 0, 0, 1, 11, 0, 12, 2, 10, 3, 10, 2, 1, 11, 4, 7, 
5 -> 1, 3, 1, 9, 0, 3, 1, 3, 11, 3, 8, 3, 13, 12, 4, 10, 6, 2, 4, 6, 8, 12, 2, 4, 6, 3, 10, 2, 
6 -> 13, 0, 7, 1, 4, 1, 9, 4, 13, 0, 12, 0, 10, 1, 3, 4, 11, 11, 9, 5, 4, 10, 7, 4, 4, 2, 3, 2, 3, 9, 8, 11, 5, 8, 2, 7, 0, 4, 4, 0, 3, 3, 
10 -> 2, 0, 2, 3, 8, 12, 8, 12, 11, 7, 0, 3, 4, 9, 1, 4, 9, 8, 0, 6, 5, 5, 8, 0, 
4 -> 10, 7, 9, 5, 3, 10, 1, 1, 0, 1, 6, 1, 12, 9, 1, 6, 8, 2, 6, 5, 5, 2, 
10 -> 13, 0, 12, 7, 11, 3, 5, 3, 7, 5, 6, 13, 3, 2, 1, 3, 8, 2, 2, 5, 8, 6, 3, 4, 5, 1, 
8 -> 1, 12, 9, 3, 3, 7, 11, 6, 0, 2, 10, 9, 4, 6, 4, 10, 5, 0, 1, 4, 10, 3, 10, 
2 -> 13, 0, 6, 1, 13, 0, 10, 3, 1, 8, 4, 5, 0, 7, 0, 4, 0, 12, 4, 6, 13, 4, 0, 1, 12, 7, 0, 5, 7, 5, 4, 5, 4, 0, 
4 -> 9, 5, 3, 0, 3, 0, 3, 5, 10, 9, 2, 5, 8, 1, 7, 8, 1, 5, 10, 5, 11, 
11 -> 2, 1, 5, 13, 7, 2, 3, 3, 10, 1, 8, 1, 9, 4, 13, 0, 12, 2, 1, 6, 5, 8, 5, 5, 5, 13, 7, 
0 -> 6, 4, 9, 3, 5, 12, 8, 11, 9, 6, 3, 5, 2, 6, 2, 7, 4, 4, 6, 2, 
7 -> 11, 12, 10, 10, 9, 1, 8, 12, 11, 0, 2, 5, 1, 4, 5, 2, 6, 13, 4, 8, 4, 
5 -> 9, 13, 1, 10, 0, 1, 11, 10, 6, 3, 4, 4, 9, 4, 6, 3, 2, 6, 7, 4, 3, 2, 4, 8, 13, 4, 10, 4, 11, 
3 -> 1, 1, 10, 1, 4, 13, 0, 1, 5, 5, 12, 12, 6, 8, 2, 2, 2, 8, 2, 0, 7, 10, 8, 4, 0, 6, 1, 
4 -> 1, 5, 3, 0, 13, 10, 3, 3, 12, 3, 2, 12, 8, 13, 6, 8, 1, 7, 10, 1, 2, 3, 6, 
0 -> 1, 2, 13, 3, 1, 3, 3, 10, 10, 13, 6, 4, 8, 12, 13, 2, 8, 8, 12, 1, 8, 
1 -> 4, 12, 12, 12, 13, 5, 6, 13, 5, 3, 7, 4, 10, 4, 12, 4, 0, 3, 4, 0, 5, 10, 3, 7, 
0 -> 9, 5, 11, 4, 9, 6, 5, 4, 2, 13, 9, 6, 2, 7, 4, 1, 4, 2, 
0 -> 1, 11, 4, 1, 4, 11, 6, 10, 5, 7, 12, 12, 10, 12, 1, 10, 3, 12, 3, 6, 6, 9, 6, 7, 2, 7, 9, 6, 2, 
11 -> 9, 5, 10, 6, 13, 3, 6, 4, 3, 4, 1, 7, 8, 9, 5, 0, 12, 7, 1, 7, 2, 8, 5, 4, 5, 3, 0, 
2 -> 4, 1, 3, 0, 5, 7, 3, 3, 11, 10, 11, 0, 11, 13, 9, 6, 1, 5, 1, 1, 4, 6, 5, 0, 8, 
9 -> 10, 13, 2, 1, 12, 12, 11, 0, 6, 1, 8, 8, 3, 7, 4, 5, 0, 7, 12, 3, 7, 4, 2, 6, 12, 3, 1, 10, 1, 12, 4, 1, 
8 -> 5, 0, 11, 4, 5, 11, 0, 2, 5, 13, 10, 13, 2, 4, 12, 7, 7, 4, 7, 0, 2, 
3 -> 2, 8, 12, 13, 0, 10, 1, 8, 8, 11, 12, 12, 9, 10, 13, 10, 2, 1, 2, 8, 2, 4, 0, 5, 4, 2, 0, 9, 6, 11, 2, 1, 4, 6, 6, 10, 
4 -> 1, 5, 13, 5, 5, 0, 7, 2, 8, 1, 0, 12, 2, 7, 3, 0, 5, 13, 6, 9, 7, 7, 0, 0, 12, 5, 7, 6, 
3 -> 1, 10, 7, 0, 6, 13, 0, 5, 6, 5, 0, 4, 10, 12, 1, 2, 9, 6, 4, 12, 0, 1, 4, 1, 1, 8, 4, 11, 0, 
6 -> 2, 13, 1, 5, 0, 7, 1, 12, 10, 12, 1, 2, 1, 4, 7, 0, 8, 1, 12, 4, 3, 4, 4, 
0 -> 13, 1, 3, 7, 6, 11, 12, 10, 1, 9, 8, 2, 7, 12, 7, 1, 2, 7, 6, 10, 11, 3, 2, 2, 
4 -> 2, 13, 0, 0, 6, 13, 0, 9, 5, 9, 12, 6, 6, 2, 3, 1, 3, 2, 1, 5, 0, 6, 
2 -> 13, 1, 1, 9, 4, 1, 5, 5, 4, 4, 5, 4, 3, 5, 3, 0, 9, 1, 9, 12, 10, 5, 0, 0, 0, 
10 -> 3, 11, 9, 7, 6, 7, 11, 3, 0, 11, 5, 3, 1, 2, 5, 2, 8, 1, 2, 6, 4, 2, 8, 3, 
1 -> 3, 12, 12, 0, 7, 13, 11, 4, 12, 11, 7, 2, 2, 2, 4, 3, 7, 7, 10, 8, 12, 4, 5, 
8 -> 11, 4, 7, 2, 5, 13, 3, 3, 10, 12, 2, 12, 0, 0, 12, 1, 1, 5, 13, 6, 1, 12, 7, 6, 3, 5, 
7 -> 8, 13, 2, 1, 5, 0, 3, 10, 12, 3, 1, 4, 9, 8, 4, 10, 13, 4, 5, 10, 6, 5, 11, 5, 10, 1, 13, 1, 5, 11, 1, 
num of conflicts: 0
C(0):2 C(1):7 C(2):9 C(3):3 C(4):10 C(5):1 C(6):8 C(7):0 C(8):1 C(9):13 C(10):2 C(11):13 C(12):0 C(13):1 C(14):5 C(15):2 C(16):2 C(17):0 C(18):2 C(19):13 C(20):2 C(21):0 C(22):13 C(23):0 C(24):6 C(25):11 C(26):1 C(27):7 C(28):1 C(29):13 C(30):0 C(31):1 C(32):1 C(33):5 C(34):4 C(35):12 C(36):10 C(37):6 C(38):3 C(39):3 C(40):12 C(41):10 C(42):13 C(43):13 C(44):0 C(45):5 C(46):9 C(47):9 C(48):9 C(49):10 C(50):1 C(51):4 C(52):5 C(53):12 C(54):11 C(55):1 C(56):5 C(57):7 C(58):7 C(59):1 C(60):13 C(61):2 C(62):7 C(63):2 C(64):9 C(65):0 C(66):0 C(67):2 C(68):11 C(69):5 C(70):10 C(71):7 C(72):3 C(73):3 C(74):6 C(75):3 C(76):4 C(77):0 C(78):1 C(79):5 C(80):1 C(81):13 C(82):10 C(83):3 C(84):5 C(85):0 C(86):1 C(87):0 C(88):6 C(89):13 C(90):0 C(91):11 C(92):4 C(93):7 C(94):5 C(95):5 C(96):4 C(97):11 C(98):6 C(99):7 C(100):2 C(101):13 C(102):0 C(103):3 C(104):11 C(105):3 C(106):3 C(107):13 C(108):6 C(109):10 C(110):1 C(111):13 C(112):3 C(113):0 C(114):6 C(115):10 C(116):11 C(117):6 C(118):1 C(119):6 C(120):10 C(121):2 C(122):5 C(123):7 C(124):10 C(125):0 C(126):8 C(127):0 C(128):3 C(129):8 C(130):5 C(131):10 C(132):7 C(133):3 C(134):8 C(135):3 C(136):1 C(137):12 C(138):12 C(139):13 C(140):0 C(141):10 C(142):1 C(143):3 C(144):3 C(145):7 C(146):3 C(147):8 C(148):5 C(149):11 C(150):11 C(151):8 C(152):5 C(153):1 C(154):3 C(155):4 C(156):0 C(157):9 C(158):8 C(159):11 C(160):11 C(161):5 C(162):6 C(163):8 C(164):12 C(165):10 C(166):12 C(167):5 C(168):11 C(169):5 C(170):2 C(171):12 C(172):6 C(173):1 C(174):5 C(175):6 C(176):12 C(177):0 C(178):1 C(179):0 C(180):9 C(181):10 C(182):7 C(183):11 C(184):7 C(185):9 C(186):5 C(187):12 C(188):4 C(189):6 C(190):11 C(191):10 C(192):0 C(193):6 C(194):13 C(195):11 C(196):4 C(197):7 C(198):3 C(199):4 C(200):0 C(201):0 C(202):13 C(203):1 C(204):6 C(205):10 C(206):10 C(207):2 C(208):12 C(209):4 C(210):4 C(211):2 C(212):13 C(213):3 C(214):12 C(215):13 C(216):2 C(217):9 C(218):4 C(219):7 C(220):3 C(221):6 C(222):6 C(223):3 C(224):0 C(225):8 C(226):1 C(227):9 C(228):1 C(229):10 C(230):8 C(231):4 C(232):1 C(233):12 C(234):3 C(235):12 C(236):7 C(237):9 C(238):3 C(239):10 C(240):4 C(241):2 C(242):1 C(243):0 C(244):0 C(245):4 C(246):2 C(247):9 C(248):5 C(249):3 C(250):2 C(251):13 C(252):2 C(253):5 C(254):11 C(255):10 C(256):3 C(257):12 C(258):5 C(259):2 C(260):1 C(261):8 C(262):13 C(263):1 C(264):13 C(265):6 C(266):1 C(267):9 C(268):6 C(269):6 C(270):2 C(271):3 C(272):0 C(273):4 C(274):12 C(275):1 C(276):4 C(277):0 C(278):0 C(279):7 C(280):9 C(281):1 C(282):6 C(283):9 C(284):3 C(285):6 C(286):2 C(287):5 C(288):5 C(289):3 C(290):2 C(291):10 C(292):13 C(293):0 C(294):7 C(295):6 C(296):7 C(297):4 C(298):1 C(299):4 C(300):4 C(301):9 C(302):1 C(303):2 C(304):1 C(305):11 C(306):0 C(307):8 C(308):6 C(309):0 C(310):8 C(311):1 C(312):4 C(313):7 C(314):12 C(315):6 C(316):4 C(317):6 C(318):3 C(319):5 C(320):0 C(321):12 C(322):6 C(323):3 C(324):2 C(325):1 C(326):7 C(327):5 C(328):8 C(329):7 C(330):4 C(331):4 C(332):1 C(333):2 C(334):8 C(335):11 C(336):10 C(337):3 C(338):11 C(339):5 C(340):2 C(341):7 C(342):2 C(343):5 C(344):10 C(345):8 C(346):8 C(347):5 C(348):2 C(349):7 C(350):5 C(351):1 C(352):7 C(353):4 C(354):7 C(355):4 C(356):8 C(357):1 C(358):3 C(359):0 C(360):2 C(361):8 C(362):7 C(363):10 C(364):8 C(365):6 C(366):0 C(367):0 C(368):1 C(369):12 C(370):6 C(371):3 C(372):0 C(373):1 C(374):0 C(375):6 C(376):13 C(377):9 C(378):2 C(379):4 C(380):4 C(381):12 C(382):1 C(383):1 C(384):2 C(385):6 C(386):11 C(387):2 C(388):1 C(389):7 C(390):5 C(391):12 C(392):8 C(393):4 C(394):3 C(395):3 C(396):8 C(397):5 C(398):4 C(399):10 C(400):2 C(401):6 C(402):5 C(403):3 C(404):5 C(405):0 C(406):9 C(407):7 C(408):3 C(409):1 C(410):4 C(411):4 C(412):5 C(413):0 C(414):3 C(415):4 C(416):5 C(417):5 C(418):6 C(419):10 C(420):4 C(421):10 C(422):8 C(423):2 C(424):4 C(425):11 C(426):0 C(427):7 C(428):5 C(429):3 C(430):4 C(431):0 C(432):1 C(433):0 C(434):0 C(435):11 C(436):2 C(437):9 C(438):8 C(439):3 C(440):4 C(441):3 C(442):6 C(443):0 C(444):4 C(445):2 C(446):10 C(447):1 C(448):8 C(449):7 
