Order of colors
5 -> 1, 2, 3, 4, 2, 2, 2, 4, 1, 0, 1, 0, 0, 0, 0, 0, 
1 -> 5, 5, 4, 4, 5, 0, 4, 4, 0, 0, 0, 4, 0, 0, 0, 0, 
5 -> 1, 1, 3, 4, 2, 3, 2, 4, 1, 1, 1, 4, 0, 0, 0, 0, 
2 -> 5, 1, 4, 4, 5, 3, 4, 4, 0, 1, 0, 4, 0, 0, 0, 0, 
1 -> 5, 2, 4, 4, 0, 2, 4, 4, 0, 0, 4, 0, 0, 0, 0, 0, 
4 -> 1, 2, 5, 2, 2, 5, 1, 0, 0, 0, 0, 0, 
3 -> 5, 5, 5, 5, 0, 5, 0, 0, 0, 0, 0, 0, 
4 -> 1, 1, 5, 2, 3, 5, 1, 1, 0, 0, 0, 0, 
4 -> 5, 1, 5, 5, 3, 5, 0, 1, 0, 0, 0, 0, 
4 -> 5, 2, 5, 0, 2, 5, 0, 0, 0, 0, 0, 0, 
5 -> 4, 3, 4, 4, 4, 4, 2, 4, 4, 4, 0, 1, 4, 0, 4, 0, 0, 0, 0, 0, 
5 -> 1, 2, 3, 4, 1, 1, 0, 1, 0, 1, 
2 -> 5, 5, 4, 4, 1, 0, 0, 0, 4, 1, 
0 -> 1, 1, 3, 4, 1, 1, 1, 1, 4, 1, 
2 -> 5, 1, 4, 4, 1, 0, 1, 0, 4, 1, 
3 -> 5, 2, 4, 4, 1, 0, 0, 4, 0, 1, 
4 -> 1, 2, 5, 1, 1, 0, 0, 1, 
2 -> 5, 5, 5, 1, 0, 0, 0, 1, 
4 -> 1, 1, 5, 1, 1, 1, 0, 1, 
4 -> 5, 1, 5, 1, 0, 1, 0, 1, 
4 -> 5, 2, 5, 1, 0, 0, 0, 1, 
5 -> 4, 3, 4, 4, 4, 1, 0, 1, 4, 0, 4, 1, 
1 -> 5, 2, 0, 2, 3, 4, 2, 4, 4, 4, 5, 0, 0, 0, 0, 0, 0, 0, 0, 0, 0, 0, 
0 -> 1, 2, 3, 4, 2, 2, 2, 4, 2, 
1 -> 5, 5, 4, 4, 5, 0, 4, 4, 2, 
0 -> 1, 1, 3, 4, 2, 3, 2, 4, 2, 
0 -> 5, 1, 4, 4, 5, 3, 4, 4, 2, 
1 -> 5, 2, 4, 4, 0, 2, 4, 4, 2, 
0 -> 1, 2, 5, 2, 2, 5, 2, 
1 -> 5, 5, 5, 5, 0, 5, 2, 
4 -> 1, 1, 5, 2, 3, 5, 2, 
0 -> 5, 1, 5, 5, 3, 5, 2, 
4 -> 5, 2, 5, 0, 2, 5, 2, 
0 -> 4, 3, 4, 4, 4, 4, 2, 4, 4, 4, 2, 
0 -> 1, 2, 3, 4, 1, 2, 
0 -> 5, 5, 4, 4, 1, 2, 
0 -> 1, 1, 3, 4, 1, 2, 
0 -> 5, 1, 4, 4, 1, 2, 
0 -> 5, 2, 4, 4, 1, 2, 
0 -> 1, 2, 5, 1, 2, 
0 -> 5, 5, 5, 1, 2, 
0 -> 1, 1, 5, 1, 2, 
0 -> 5, 1, 5, 1, 2, 
0 -> 5, 2, 5, 1, 2, 
0 -> 4, 3, 4, 4, 4, 1, 2, 
1 -> 5, 2, 0, 2, 3, 4, 2, 4, 4, 4, 5, 2, 2, 
2 -> 0, 1, 0, 0, 1, 0, 1, 4, 0, 4, 0, 0, 0, 0, 0, 0, 0, 0, 0, 0, 0, 0, 1, 1, 
num of conflicts: 0
C(0):5 C(1):1 C(2):5 C(3):2 C(4):1 C(5):4 C(6):3 C(7):4 C(8):4 C(9):4 C(10):5 C(11):5 C(12):2 C(13):0 C(14):2 C(15):3 C(16):4 C(17):2 C(18):4 C(19):4 C(20):4 C(21):5 C(22):1 C(23):0 C(24):1 C(25):0 C(26):0 C(27):1 C(28):0 C(29):1 C(30):4 C(31):0 C(32):4 C(33):0 C(34):0 C(35):0 C(36):0 C(37):0 C(38):0 C(39):0 C(40):0 C(41):0 C(42):0 C(43):0 C(44):0 C(45):1 C(46):2 
